*******************************
-c_2(G) calculations at 11 loops up to p = 13 
 
Computed for :
"Further investigations into the graph theory of 
\phi^4-periods and the c_2 invariant" by
S. Hu, O. Schnetz, J. Shaw, K. Yeats

Compiled on August 19 2018. 
Last Updated on Dec 14 2018.

FORMAT - [Graph #],[-c_2(G)]

The graph numbering is in the same convention as "Quantum periods : A
census of \phi^4-transcendentals" by O. Schnetz. 

Results up to the highest prime computed are shown, sometimes
for p = 7 and other times up to p = 13. 
*******************************
[11,6957],[0, 2, 1, 6, 10, 1]
[11,6958],[0, 1, 4, 4, 5, 0]
[11,6959],[0, 1, 1, 1, 1, 1]
[11,6960],[0, 0, 2, 1, 10, 4]
[11,6961],[0, 2, 2, 5, 6, 4]
[11,6962],[0, 1, 1, 1, 1, 1]
[11,6963],[0, 0, 1, 2, 8]
[11,6964],[1, 0, 3, 4, 7, 6]
[11,6965],[1, 0, 3, 4, 7, 6]
[11,6966],[0, 0, 1, 2, 8, 1]
[11,6967],[0, 0, 2, 2, 3, 10]
[11,6968],[0, 2, 0, 6, 3, 9]
[11,6969],[1, 1, 3, 6, 2, 3]
[11,6970],[1, 2, 3, 2, 7]
[11,6971],[1, 2, 4, 0, 2]
[11,6972],[0, 1, 3, 4, 8, 4]
[11,6973],[1, 0, 1, 2, 8, 5]
[11,6974],[0, 0, 2, 6, 5, 3]
[11,6975],[0, 0, 3, 1, 4]
[11,6976],[0, 0, 3, 1, 4, 9]
[11,6977],[0, 1, 3, 4, 8, 4]
[11,6978],[1, 0, 1, 2, 8, 5]
[11,6979],[0, 2, 0, 6, 3, 6]
[11,6980],[0, 2, 2, 2, 6, 5]
[11,6981],[0, 1, 1, 3, 2, 11]
[11,6982],[0, 0, 4, 1, 1, 11]
[11,6983],[1, 0, 4, 5, 4]
[11,6984],[1, 1, 2, 4, 9, 7]
[11,6985],[1, 0, 1, 0, 4]
[11,6986],[0, 2, 2, 4, 1]
[11,6987],[0, 0, 2, 1, 7]
[11,6988],[1, 0, 1, 5, 4]
[11,6989],[1, 0, 0, 1, 9, 7]
[11,6990],[0, 0, 1, 5, 6, 5]
[11,6991],[0, 1, 1, 1, 1, 1]
[11,6992],[0, 1, 4, 4, 5, 0]
[11,6993],[0, 0, 0, 2, 0, 4]
[11,6994],[1, 1, 2, 6, 7, 5]
[11,6995],[1, 1, 4, 4, 5, 1]
[11,6996],[1, 1, 4, 4, 5, 1]
[11,6997],[0, 0, 0, 2, 0, 4]
[11,6998],[1, 1, 3, 4, 2, 10]
[11,6999],[1, 1, 2, 6, 7, 5]
[11,7000],[0, 0, 2, 3, 1, 12]
[11,7001],[0, 0, 0, 4, 3, 8]
[11,7002],[0, 2, 3, 3, 0, 9]
[11,7003],[1, 1, 4, 4, 5, 1]
[11,7004],[1, 1, 4, 4, 5, 1]
[11,7005],[0, 2, 3, 2, 4]
[11,7006],[0, 1, 0, 5, 4, 4]
[11,7007],[0, 0, 0, 2, 0, 4]
[11,7008],[0, 1, 0, 5, 4, 4]
[11,7009],[0, 0, 0, 1, 3, 4]
[11,7010],[0, 1, 4, 6, 5, 11]
[11,7011],[0, 0, 1, 2, 6, 12]
[11,7012],[1, 1, 1, 1, 1, 8]
[11,7013],[1, 0, 3, 2, 10]
[11,7014],[1, 1, 1, 1, 1, 8]
[11,7015],[1, 0, 3, 2, 10, 2]
[11,7016],[0, 0, 1, 2, 6, 12]
[11,7017],[0, 0, 2, 0, 10, 5]
[11,7018],[0, 0, 1, 0, 0, 9]
[11,7019],[1, 1, 0, 6, 2, 9]
[11,7020],[0, 1, 2, 4, 4, 4]
[11,7021],[0, 0, 2, 5, 9]
[11,7022],[0, 1, 2, 0, 0, 9]
[11,7023],[0, 1, 0, 4, 5, 4]
[11,7024],[0, 1, 3, 3, 3, 12]
[11,7025],[0, 1, 4, 0, 6, 11]
[11,7026],[0, 0, 1, 2, 8, 1]
[11,7027],[1, 0, 3, 4, 7, 6]
[11,7028],[0, 1, 2, 0, 0]
[11,7029],[1, 1, 0, 6, 2, 9]
[11,7030],[0, 0, 2, 0, 10, 5]
[11,7031],[0, 0, 1, 0, 0, 9]
[11,7032],[0, 1, 2, 4, 4, 4]
[11,7033],[0, 0, 2, 5, 9, 11]
[11,7034],[0, 1, 0, 4, 5, 4]
[11,7035],[0, 1, 3, 3, 3, 12]
[11,7036],[0, 1, 4, 0, 6, 11]
[11,7037],[1, 2, 3, 2, 7, 11]
[11,7038],[1, 1, 3, 6, 2, 3]
[11,7039],[1, 2, 4, 0, 2]
[11,7040],[0, 2, 0, 6, 3, 9]
[11,7041],[0, 1, 4, 3, 2, 9]
[11,7042],[1, 0, 4, 5, 4, 10]
[11,7043],[0, 1, 1, 2, 10, 9]
[11,7044],[0, 0, 1, 5, 1, 12]
[11,7045],[1, 1, 0, 2, 0, 3]
[11,7046],[0, 0, 1, 5, 1, 12]
[11,7047],[0, 0, 1, 5, 1, 12]
[11,7048],[0, 0, 1, 5, 1, 12]
[11,7049],[1, 1, 2, 4, 0, 12]
[11,7050],[1, 0, 4, 5, 4, 10]
[11,7051],[0, 1, 3, 2, 9, 1]
[11,7052],[1, 1, 2, 4, 0, 12]
[11,7053],[0, 1, 1, 2, 10, 9]
[11,7054],[0, 1, 3, 2, 9, 1]
[11,7055],[0, 1, 4, 3, 2, 9]
[11,7056],[0, 2, 3, 0, 1]
[11,7057],[0, 2, 1, 1, 8, 2]
[11,7058],[0, 2, 3, 0, 7, 5]
[11,7059],[1, 0, 0, 1, 9, 7]
[11,7060],[0, 2, 2, 2, 6, 5]
[11,7061],[0, 0, 4, 1, 1, 11]
[11,7062],[0, 0, 1, 5, 6, 5]
[11,7063],[1, 1, 2, 4, 9, 7]
[11,7064],[0, 1, 1, 3, 2, 11]
[11,7065],[0, 2, 0, 6, 3, 6]
[11,7066],[1, 0, 4, 5, 4, 8]
[11,7067],[1, 0, 1, 5, 4, 12]
[11,7068],[1, 0, 1, 0, 4, 8]
[11,7069],[0, 0, 2, 1, 7, 11]
[11,7070],[0, 2, 2, 4, 1, 3]
[11,7071],[0, 0, 2, 1, 10, 4]
[11,7072],[0, 2, 2, 5, 6, 4]
[11,7073],[0, 1, 1, 1, 1, 1]
[11,7074],[0, 2, 2, 5, 6, 4]
[11,7075],[0, 1, 2, 3, 0]
[11,7076],[0, 1, 3, 2, 4]
[11,7077],[0, 0, 1, 0, 0, 9]
[11,7078],[0, 1, 3, 3, 9, 10]
[11,7079],[0, 0, 1, 0, 0]
[11,7080],[0, 2, 0, 3, 6, 4]
[11,7081],[0, 2, 3, 6, 1]
[11,7082],[0, 1, 0, 6, 5, 9]
[11,7083],[0, 1, 4, 3, 6, 10]
[11,7084],[1, 2, 0, 5, 7]
[11,7085],[1, 2, 2, 2, 10]
[11,7086],[0, 0, 4, 5, 8]
[11,7087],[0, 0, 4, 6, 5]
[11,7088],[1, 0, 4, 6, 0, 10]
[11,7089],[0, 2, 0, 6, 3, 9]
[11,7090],[1, 2, 4, 0, 0, 6]
[11,7091],[0, 2, 0, 0, 9]
[11,7092],[0, 2, 3, 3, 0]
[11,7093],[1, 0, 2, 3, 5]
[11,7094],[1, 2, 0, 5, 2, 0]
[11,7095],[0, 0, 1, 1, 5, 3]
[11,7096],[0, 1, 4, 1, 10]
[11,7097],[0, 2, 4, 4, 8, 11]
[11,7098],[0, 1, 4, 1, 2]
[11,7099],[1, 2, 1, 3, 2, 4]
[11,7100],[0, 2, 3, 3, 6, 7]
[11,7101],[0, 1, 3, 5, 6]
[11,7102],[1, 1, 4, 5, 6]
[11,7103],[1, 1, 2, 4, 0, 12]
[11,7104],[0, 0, 0, 6, 8]
[11,7105],[0, 2, 4, 6, 2]
[11,7106],[0, 0, 4, 3, 2, 10]
[11,7107],[0, 2, 2, 2, 0, 9]
[11,7108],[0, 0, 1, 2, 8, 1]
[11,7109],[0, 0, 3, 5, 3, 11]
[11,7110],[0, 0, 3, 3, 3]
[11,7111],[1, 1, 0, 0, 10, 12]
[11,7112],[1, 1, 1, 1, 1, 8]
[11,7113],[1, 1, 0, 5, 0, 9]
[11,7114],[0, 0, 4, 0, 5, 1]
[11,7115],[1, 0, 4, 2, 7]
[11,7116],[1, 1, 0, 5, 0]
[11,7117],[1, 0, 2, 2, 4]
[11,7118],[0, 2, 0, 6, 8, 10]
[11,7119],[0, 0, 4, 5, 8, 2]
[11,7120],[1, 2, 3, 2, 7, 11]
[11,7121],[0, 0, 4, 1, 0]
[11,7122],[1, 0, 2, 0, 0]
[11,7123],[0, 0, 4, 2, 9, 11]
[11,7124],[0, 2, 4, 6, 0]
[11,7125],[0, 1, 4, 1, 4]
[11,7126],[0, 2, 4, 6, 4]
[11,7127],[1, 0, 0, 0, 9]
[11,7128],[1, 1, 0, 6, 2, 9]
[11,7129],[1, 2, 2, 3, 10]
[11,7130],[0, 1, 2, 3, 1]
[11,7131],[1, 1, 4, 1, 1, 10]
[11,7132],[1, 1, 2, 0, 10, 3]
[11,7133],[0, 2, 3, 6, 1, 0]
[11,7134],[1, 0, 0, 2, 2]
[11,7135],[1, 2, 2, 6, 5, 9]
[11,7136],[0, 0, 0, 5, 10]
[11,7137],[0, 0, 1, 5, 0]
[11,7138],[1, 2, 0, 4, 0, 8]
[11,7139],[0, 1, 2, 6, 2]
[11,7140],[0, 1, 0, 2, 2]
[11,7141],[1, 2, 3, 4, 1]
[11,7142],[1, 0, 3, 3, 10]
[11,7143],[0, 1, 2, 3, 7]
[11,7144],[0, 0, 0, 2, 0, 4]
[11,7145],[0, 1, 0, 0, 3, 0]
[11,7146],[0, 2, 3, 3, 0, 9]
[11,7147],[0, 1, 1, 1, 1, 1]
[11,7148],[0, 2, 3, 3, 0, 9]
[11,7149],[0, 1, 1, 1, 1, 1]
[11,7150],[0, 1, 0, 0, 3, 0]
[11,7151],[0, 2, 1, 6, 10, 1]
[11,7152],[0, 2, 3, 3, 0, 9]
[11,7153],[0, 2, 1, 6, 10, 1]
[11,7154],[0, 0, 3, 4, 10, 0]
[11,7155],[0, 0, 0, 2, 0, 4]
[11,7156],[0, 0, 3, 4, 10, 0]
[11,7157],[0, 2, 1, 6, 10, 1]
[11,7158],[0, 2, 3, 3, 0, 9]
[11,7159],[0, 1, 1, 3, 9, 6]
[11,7160],[1, 0, 4, 5, 4, 10]
[11,7161],[0, 0, 1, 5, 1, 12]
[11,7162],[0, 1, 1, 2, 10, 9]
[11,7163],[0, 0, 1, 5, 1, 12]
[11,7164],[0, 1, 1, 2, 10, 9]
[11,7165],[0, 1, 0, 6, 2, 6]
[11,7166],[1, 2, 4, 2, 3, 5]
[11,7167],[0, 0, 1, 5, 1, 12]
[11,7168],[0, 2, 3, 0, 4]
[11,7169],[0, 0, 0, 1, 0, 12]
[11,7170],[0, 0, 1, 5, 6, 5]
[11,7171],[0, 0, 1, 0, 0, 9]
[11,7172],[0, 2, 1, 2, 2, 7]
[11,7173],[0, 1, 2, 4, 4, 4]
[11,7174],[1, 2, 1, 3, 5, 4]
[11,7175],[0, 0, 1, 3, 0, 9]
[11,7176],[1, 0, 4, 1, 3, 4]
[11,7177],[1, 1, 0, 6, 2, 9]
[11,7178],[0, 2, 2, 0, 4, 7]
[11,7179],[1, 2, 1, 2, 1, 5]
[11,7180],[0, 0, 1, 2, 8, 1]
[11,7181],[1, 0, 1, 4, 8, 11]
[11,7182],[0, 0, 2, 5, 5]
[11,7183],[0, 1, 4, 1, 4, 0]
[11,7184],[0, 0, 1, 2, 6, 12]
[11,7185],[1, 1, 4, 6, 2]
[11,7186],[0, 1, 0, 5, 8, 0]
[11,7187],[1, 0, 1, 1, 6, 2]
[11,7188],[1, 2, 2, 2, 9]
[11,7189],[0, 1, 0, 4, 5]
[11,7190],[1, 1, 0, 6, 2, 9]
[11,7191],[0, 0, 2, 0, 10, 5]
[11,7192],[0, 2, 0, 0, 3, 2]
[11,7193],[0, 1, 2, 4, 4, 4]
[11,7194],[0, 0, 2, 1, 9, 8]
[11,7195],[0, 2, 2, 2, 6, 5]
[11,7196],[0, 2, 4, 4, 8, 11]
[11,7197],[0, 2, 3, 2, 5, 0]
[11,7198],[1, 1, 4, 6, 1, 11]
[11,7199],[0, 1, 4, 2, 9, 9]
[11,7200],[0, 0, 1, 2, 8, 1]
[11,7201],[0, 2, 3, 0, 8, 1]
[11,7202],[0, 0, 1, 5, 6, 5]
[11,7203],[0, 1, 4, 0, 1, 3]
[11,7204],[1, 2, 1, 4, 3, 1]
[11,7205],[1, 2, 2, 3, 10, 3]
[11,7206],[1, 1, 0, 6, 2, 9]
[11,7207],[1, 1, 1, 4, 8, 6]
[11,7208],[1, 2, 3, 4, 10, 0]
[11,7209],[1, 2, 1, 3, 5, 4]
[11,7210],[0, 2, 3, 0, 7, 5]
[11,7211],[1, 0, 4, 5, 4, 10]
[11,7212],[0, 2, 1, 5, 2, 7]
[11,7213],[0, 0, 1, 5, 6, 5]
[11,7214],[1, 2, 2, 4, 0]
[11,7215],[0, 1, 1, 2, 10, 9]
[11,7216],[1, 1, 0, 6, 2, 9]
[11,7217],[0, 2, 2, 2, 0, 9]
[11,7218],[1, 2, 1, 4, 3, 1]
[11,7219],[0, 1, 0, 2, 6, 9]
[11,7220],[1, 0, 1, 4, 8, 11]
[11,7221],[1, 0, 0, 1, 7, 0]
[11,7222],[0, 0, 4, 0, 3, 4]
[11,7223],[0, 0, 4, 2, 9, 11]
[11,7224],[1, 2, 0, 5, 7, 0]
[11,7225],[1, 1, 3, 6, 8, 6]
[11,7226],[1, 2, 0, 2, 6, 5]
[11,7227],[1, 1, 2, 0, 5, 5]
[11,7228],[0, 2, 4, 3, 8, 3]
[11,7229],[0, 1, 3, 2, 10, 8]
[11,7230],[0, 1, 2, 3, 4, 4]
[11,7231],[0, 2, 0, 0, 1, 8]
[11,7232],[1, 1, 2, 3, 0, 3]
[11,7233],[1, 2, 4, 6, 8, 7]
[11,7234],[1, 2, 3, 2, 6, 6]
[11,7235],[1, 2, 2, 1, 6, 5]
[11,7236],[0, 1, 3, 1, 0, 11]
[11,7237],[0, 1, 2, 4, 9]
[11,7238],[0, 1, 1, 0, 2, 4]
[11,7239],[1, 1, 2, 5, 2]
[11,7240],[1, 1, 2, 2, 0]
[11,7241],[0, 1, 2, 0, 6, 2]
[11,7242],[0, 2, 2, 4, 5, 8]
[11,7243],[1, 2, 1, 6, 1, 12]
[11,7244],[1, 2, 2, 4, 8, 3]
[11,7245],[1, 1, 4, 1, 7]
[11,7246],[0, 0, 0, 0, 6, 10]
[11,7247],[1, 0, 3, 2, 2, 12]
[11,7248],[1, 2, 1, 3, 9, 12]
[11,7249],[0, 2, 3, 5]
[11,7250],[1, 0, 0, 0, 9]
[11,7251],[0, 1, 2, 0, 6, 2]
[11,7252],[1, 2, 4, 1, 3, 2]
[11,7253],[1, 1, 4, 5, 5]
[11,7254],[0, 1, 0, 0, 9]
[11,7255],[1, 0, 4, 5, 8, 1]
[11,7256],[1, 2, 1, 2, 5]
[11,7257],[0, 0, 3, 4, 1]
[11,7258],[0, 0, 0, 1, 7, 1]
[11,7259],[0, 0, 3, 1, 3, 2]
[11,7260],[0, 2, 0, 1]
[11,7261],[1, 2, 3, 3, 3, 8]
[11,7262],[0, 2, 0, 6, 7, 3]
[11,7263],[0, 0, 4, 0, 0, 12]
[11,7264],[0, 1, 2, 1, 9]
[11,7265],[0, 1, 2, 3, 1]
[11,7266],[0, 2, 4, 5, 1, 5]
[11,7267],[0, 2, 4, 3, 8, 3]
[11,7268],[1, 1, 4, 6, 1, 11]
[11,7269],[0, 0, 0, 5, 9, 8]
[11,7270],[0, 1, 1, 6, 3, 3]
[11,7271],[1, 0, 4, 6, 2, 2]
[11,7272],[1, 2, 3, 2, 6]
[11,7273],[0, 2, 2, 1, 0, 12]
[11,7274],[1, 2, 2, 0, 0, 4]
[11,7275],[0, 1, 4, 1, 8, 4]
[11,7276],[0, 1, 2, 3, 8]
[11,7277],[0, 1, 0, 1, 10, 3]
[11,7278],[1, 0, 4, 5, 10]
[11,7279],[0, 2, 1, 5, 2]
[11,7280],[0, 1, 4, 5, 4, 0]
[11,7281],[1, 1, 0, 2, 0, 3]
[11,7282],[1, 1, 0, 4, 6]
[11,7283],[0, 2, 2, 2, 0]
[11,7284],[0, 0, 4, 5, 1]
[11,7285],[0, 1, 3, 2, 9, 1]
[11,7286],[0, 1, 0, 6, 1, 8]
[11,7287],[0, 2, 3, 6, 1]
[11,7288],[0, 2, 3, 0, 7, 5]
[11,7289],[1, 0, 4, 5, 4, 10]
[11,7290],[0, 0, 4, 6, 9, 8]
[11,7291],[1, 1, 0, 6, 2, 9]
[11,7292],[0, 1, 0, 6, 1]
[11,7293],[1, 1, 4, 6, 8, 4]
[11,7294],[1, 1, 3, 2, 1, 12]
[11,7295],[0, 0, 2, 6, 10, 0]
[11,7296],[1, 1, 0, 6, 8, 2]
[11,7297],[0, 1, 4, 0, 5]
[11,7298],[0, 0, 4, 0, 1]
[11,7299],[1, 0, 1, 5, 4]
[11,7300],[0, 2, 4, 6, 2, 1]
[11,7301],[0, 2, 3, 0, 7, 5]
[11,7302],[1, 1, 0, 6, 2, 9]
[11,7303],[0, 1, 1, 2, 10, 9]
[11,7304],[0, 1, 4, 5, 4, 0]
[11,7305],[0, 0, 1, 3, 6]
[11,7306],[1, 2, 0, 4, 3, 10]
[11,7307],[0, 1, 0, 1, 8, 6]
[11,7308],[1, 0, 3, 3, 1, 8]
[11,7309],[0, 0, 4, 1, 6, 8]
[11,7310],[0, 0, 2, 5, 10, 11]
[11,7311],[0, 2, 4, 0, 3, 3]
[11,7312],[0, 1, 0, 1, 7, 7]
[11,7313],[0, 2, 2, 3, 1]
[11,7314],[1, 1, 4, 1, 4]
[11,7315],[0, 1, 3, 3, 8, 10]
[11,7316],[0, 0, 1, 6, 4]
[11,7317],[1, 1, 4, 3, 4]
[11,7318],[1, 2, 2, 1, 7]
[11,7319],[1, 2, 0, 2, 10, 3]
[11,7320],[0, 2, 3, 3, 4, 10]
[11,7321],[1, 1, 3, 1, 3]
[11,7322],[0, 0, 2, 6, 10, 0]
[11,7323],[1, 0, 3, 1, 1]
[11,7324],[0, 2, 3, 2, 3]
[11,7325],[0, 0, 0, 1, 7, 1]
[11,7326],[1, 2, 3, 2, 2]
[11,7327],[0, 0, 0, 1, 3]
[11,7328],[0, 1, 1, 3, 6]
[11,7329],[1, 0, 1, 5, 9]
[11,7330],[0, 0, 2, 6, 6]
[11,7331],[0, 2, 4, 1, 1]
[11,7332],[1, 1, 4, 4, 10]
[11,7333],[0, 0, 1, 5, 6]
[11,7334],[0, 0, 3, 1, 4, 11]
[11,7335],[0, 0, 0, 1, 0, 12]
[11,7336],[0, 1, 1, 2, 6, 8]
[11,7337],[1, 0, 0, 1, 6]
[11,7338],[1, 2, 1, 2, 1, 5]
[11,7339],[0, 1, 1, 2, 2]
[11,7340],[0, 2, 1, 1, 5, 2]
[11,7341],[0, 1, 3, 1, 7, 1]
[11,7342],[1, 2, 1, 2, 1, 5]
[11,7343],[0, 1, 3, 2, 9, 1]
[11,7344],[0, 1, 2, 1, 9, 2]
[11,7345],[0, 0, 4, 6, 0, 10]
[11,7346],[0, 2, 3, 6, 8]
[11,7347],[0, 1, 3, 3, 8]
[11,7348],[0, 2, 1, 6, 5, 7]
[11,7349],[0, 0, 4, 5, 3]
[11,7350],[0, 2, 1, 4, 3]
[11,7351],[1, 2, 3, 1, 1]
[11,7352],[0, 2, 4, 0, 9]
[11,7353],[0, 0, 2, 3, 10]
[11,7354],[1, 0, 2, 6, 1]
[11,7355],[1, 2, 2, 0, 0, 4]
[11,7356],[0, 2, 4, 1, 1, 1]
[11,7357],[1, 0, 1, 0, 4, 8]
[11,7358],[1, 0, 2, 0, 2]
[11,7359],[1, 0, 3, 4, 2]
[11,7360],[1, 2, 2, 4, 0]
[11,7361],[0, 1, 0, 0, 2]
[11,7362],[1, 1, 1, 1]
[11,7363],[0, 0, 3, 2, 8]
[11,7364],[1, 0, 1, 5, 4, 6]
[11,7365],[0, 2, 1, 4, 5, 12]
[11,7366],[1, 2, 2, 0, 0, 4]
[11,7367],[0, 2, 4, 3, 8, 3]
[11,7368],[0, 2, 0, 6, 3]
[11,7369],[1, 1, 1, 1, 6, 3]
[11,7370],[0, 1, 4, 0, 9]
[11,7371],[0, 0, 0, 0, 5]
[11,7372],[0, 2, 0, 2, 10, 10]
[11,7373],[1, 1, 0, 3, 7, 3]
[11,7374],[0, 2, 3, 0]
[11,7375],[0, 1, 3, 2, 8]
[11,7376],[1, 2, 2, 1, 6]
[11,7377],[0, 0, 4, 1, 0]
[11,7378],[0, 2, 4, 3, 8]
[11,7379],[0, 2, 0, 6, 3, 9]
[11,7380],[0, 0, 1, 5, 6, 5]
[11,7381],[1, 0, 4, 0, 10]
[11,7382],[0, 1, 1, 0, 4]
[11,7383],[0, 0, 4, 5, 7, 11]
[11,7384],[1, 0, 4, 3, 9, 6]
[11,7385],[0, 2, 0, 0, 1, 5]
[11,7386],[0, 2, 3, 1, 1, 8]
[11,7387],[0, 1, 2, 3, 4, 6]
[11,7388],[1, 2, 3, 2, 7]
[11,7389],[1, 0, 3, 3, 8]
[11,7390],[1, 1, 1, 1, 1]
[11,7391],[1, 0, 3, 3, 8]
[11,7392],[0, 0, 0, 1, 3]
[11,7393],[0, 1, 3, 4, 8]
[11,7394],[0, 1, 1, 2, 10]
[11,7395],[0, 1, 3, 4, 8]
[11,7396],[1, 0, 3, 3, 8]
[11,7397],[0, 0, 0, 1, 3, 4]
[11,7398],[0, 0, 1, 2, 8, 1]
[11,7399],[0, 0, 4, 3, 1]
[11,7400],[0, 2, 4, 4, 1]
[11,7401],[0, 0, 1, 4, 7]
[11,7402],[0, 1, 1, 2, 10]
[11,7403],[1, 1, 1, 1, 1]
[11,7404],[0, 0, 0, 1, 3]
[11,7405],[0, 2, 4, 4, 1, 8]
[11,7406],[0, 0, 1, 4, 7]
[11,7407],[1, 2, 3, 2, 7, 11]
[11,7408],[0, 0, 0, 1, 3]
[11,7409],[0, 1, 2, 5, 4]
[11,7410],[0, 0, 4, 3, 1]
[11,7411],[1, 0, 3, 4, 7, 6]
[11,7412],[0, 0, 0, 1, 3, 4]
[11,7413],[0, 0, 1, 4, 7]
[11,7414],[1, 1, 0, 6, 5]
[11,7415],[0, 1, 2, 5, 4]
[11,7416],[1, 1, 0, 6, 5]
[11,7417],[0, 0, 1, 0, 0, 9]
[11,7418],[0, 0, 1, 0, 0, 9]
[11,7419],[0, 0, 4, 3, 1, 11]
[11,7420],[0, 1, 4, 0, 1, 3]
[11,7421],[0, 1, 4, 0, 1, 3]
[11,7422],[0, 1, 4, 0, 1, 3]
[11,7423],[0, 0, 1, 0, 0, 9]
[11,7424],[0, 1, 3, 2, 9, 1]
[11,7425],[0, 0, 1, 5, 6, 5]
[11,7426],[0, 0, 2, 6, 5, 3]
[11,7427],[0, 0, 4, 6, 10, 11]
[11,7428],[1, 2, 0, 5, 7, 0]
[11,7429],[0, 0, 3, 2, 1, 2]
[11,7430],[1, 2, 1, 3, 9, 12]
[11,7431],[0, 0, 3, 1, 4, 9]
[11,7432],[1, 2, 2, 4, 0, 11]
[11,7433],[0, 0, 4, 3, 1, 11]
[11,7434],[1, 0, 1, 2, 0, 0]
[11,7435],[0, 2, 0, 6, 7]
[11,7436],[0, 0, 2, 6, 10, 0]
[11,7437],[0, 1, 0, 6, 1, 8]
[11,7438],[1, 1, 3, 6, 10, 5]
[11,7439],[1, 1, 0, 3, 4, 3]
[11,7440],[0, 0, 4, 0, 9]
[11,7441],[1, 1, 3, 6, 2, 3]
[11,7442],[0, 2, 4, 0, 9]
[11,7443],[1, 2, 2, 3, 10, 3]
[11,7444],[0, 2, 4, 4, 3]
[11,7445],[0, 0, 1, 5, 6, 5]
[11,7446],[0, 2, 0, 0, 1, 6]
[11,7447],[0, 1, 4, 0, 1, 3]
[11,7448],[0, 2, 2, 5, 9, 5]
[11,7449],[0, 1, 2, 5, 8, 2]
[11,7450],[0, 2, 0, 6, 3, 9]
[11,7451],[0, 1, 4, 1, 10, 2]
[11,7452],[0, 1, 1, 6, 4, 8]
[11,7453],[0, 0, 4, 3, 1, 11]
[11,7454],[0, 0, 1, 2, 8, 1]
[11,7455],[1, 0, 1, 2, 1, 11]
[11,7456],[1, 2, 0, 5, 7, 0]
[11,7457],[0, 2, 3, 1, 1, 8]
[11,7458],[1, 1, 1, 5, 2, 8]
[11,7459],[0, 1, 1, 6, 0, 5]
[11,7460],[1, 2, 2, 4, 0, 11]
[11,7461],[1, 1, 2, 2, 0, 7]
[11,7462],[0, 1, 4, 1, 2, 7]
[11,7463],[0, 1, 3, 2, 6, 9]
[11,7464],[1, 2, 2, 0, 0, 4]
[11,7465],[0, 0, 1, 6, 6, 11]
[11,7466],[0, 2, 2, 5, 2, 10]
[11,7467],[1, 0, 1, 5, 4, 12]
[11,7468],[0, 2, 3, 0, 7, 5]
[11,7469],[0, 0, 0, 2, 6, 7]
[11,7470],[1, 1, 0, 6, 2, 9]
[11,7471],[0, 2, 3, 1, 1, 8]
[11,7472],[0, 1, 0, 1, 8, 6]
[11,7473],[0, 1, 4, 2, 2, 10]
[11,7474],[1, 2, 0, 5, 5, 8]
[11,7475],[1, 0, 1, 2, 0, 0]
[11,7476],[0, 2, 4, 6, 7, 8]
[11,7477],[1, 1, 2, 0, 6, 8]
[11,7478],[1, 0, 1, 2, 1, 11]
[11,7479],[1, 0, 3, 2, 2, 12]
[11,7480],[1, 0, 0, 1, 9, 7]
[11,7481],[1, 0, 3, 2, 2, 12]
[11,7482],[1, 2, 4, 6, 7, 8]
[11,7483],[1, 1, 2, 6, 6, 9]
[11,7484],[0, 0, 0, 2, 7, 3]
[11,7485],[0, 2, 0, 6, 3, 9]
[11,7486],[1, 0, 0, 1, 9, 7]
[11,7487],[0, 1, 3, 3]
[11,7488],[1, 1, 4, 4, 8, 7]
[11,7489],[1, 2, 2, 4, 10]
[11,7490],[0, 1, 0, 2, 1]
[11,7491],[1, 1, 4, 2, 7, 10]
[11,7492],[0, 2, 4, 1, 1, 1]
[11,7493],[1, 1, 2, 2, 9, 7]
[11,7494],[1, 0, 4, 2, 0, 4]
[11,7495],[0, 0, 4, 4, 2]
[11,7496],[0, 1, 4, 3, 2, 9]
[11,7497],[1, 1, 2, 4, 0, 12]
[11,7498],[0, 1, 4, 5, 9]
[11,7499],[1, 2, 4, 4, 4]
[11,7500],[1, 1, 0, 1, 2, 8]
[11,7501],[0, 2, 1, 5, 5, 12]
[11,7502],[1, 2, 4, 2, 7]
[11,7503],[1, 1, 2, 2, 8, 4]
[11,7504],[1, 0, 0, 0, 4, 5]
[11,7505],[0, 0, 2, 0, 6]
[11,7506],[1, 1, 3, 1, 4]
[11,7507],[0, 1, 2, 0, 3]
[11,7508],[1, 0, 3, 1, 1]
[11,7509],[1, 1, 0, 4, 1, 2]
[11,7510],[0, 1, 4, 1, 4, 0]
[11,7511],[0, 1, 0, 3, 7]
[11,7512],[0, 2, 3, 2, 3]
[11,7513],[0, 0, 1, 4, 2, 10]
[11,7514],[0, 1, 2, 2, 1, 12]
[11,7515],[1, 2, 3, 2, 2]
[11,7516],[0, 1, 0, 5, 0]
[11,7517],[0, 0, 0, 2, 6]
[11,7518],[1, 0, 4, 4, 1]
[11,7519],[0, 1, 0, 5, 2]
[11,7520],[1, 0, 0, 1]
[11,7521],[0, 0, 4, 0, 7]
[11,7522],[0, 0, 4, 3, 10, 5]
[11,7523],[1, 2, 1, 0, 10]
[11,7524],[0, 0, 0, 2, 6]
[11,7525],[0, 0, 2, 5, 2]
[11,7526],[1, 0, 2, 6, 1]
[11,7527],[0, 2, 1, 2, 2]
[11,7528],[0, 1, 1, 6, 0]
[11,7529],[1, 1, 3, 0, 4]
[11,7530],[0, 1, 0, 6, 1, 8]
[11,7531],[0, 1, 2, 5, 7, 10]
[11,7532],[1, 2, 1, 0]
[11,7533],[1, 2, 2, 4, 0, 11]
[11,7534],[0, 0, 2, 2, 1]
[11,7535],[0, 0, 3, 5, 5]
[11,7536],[0, 0, 2, 6, 10, 0]
[11,7537],[1, 2, 2, 4, 0]
[11,7538],[0, 0, 1, 5, 6, 5]
[11,7539],[0, 2, 4, 3, 8, 3]
[11,7540],[0, 1, 0, 0, 2]
[11,7541],[0, 0, 4, 6, 2]
[11,7542],[0, 2, 4, 3, 8]
[11,7543],[0, 0, 4, 1, 0, 9]
[11,7544],[1, 2, 2, 4, 0, 11]
[11,7545],[1, 1, 4, 5, 1]
[11,7546],[1, 2, 3, 5, 5]
[11,7547],[0, 2, 2, 1, 0, 12]
[11,7548],[0, 1, 2, 1, 0]
[11,7549],[0, 2, 3, 3, 4]
[11,7550],[1, 1, 3, 6, 9]
[11,7551],[1, 0, 1, 5, 4]
[11,7552],[1, 2, 0, 1, 10]
[11,7553],[0, 1, 4, 5, 4, 0]
[11,7554],[1, 1, 4, 3, 8]
[11,7555],[0, 1, 0, 6, 1, 8]
[11,7556],[1, 0, 4, 6, 2, 2]
[11,7557],[1, 2, 2, 5]
[11,7558],[0, 0, 4, 3, 10, 5]
[11,7559],[0, 1, 4, 5, 4]
[11,7560],[0, 1, 4, 1, 4, 0]
[11,7561],[0, 2, 2, 4, 5, 8]
[11,7562],[1, 1, 1, 5, 2, 8]
[11,7563],[0, 2, 3, 1, 1, 8]
[11,7564],[0, 0, 4, 3, 10, 5]
[11,7565],[0, 0, 1, 0, 6, 3]
[11,7566],[1, 2, 4, 6]
[11,7567],[1, 1, 3, 6, 8]
[11,7568],[0, 1, 0, 6, 5, 9]
[11,7569],[1, 0, 2, 4, 2]
[11,7570],[1, 0, 0, 4, 5, 5]
[11,7571],[1, 1, 1, 6, 6]
[11,7572],[0, 2, 1, 2, 2]
[11,7573],[1, 0, 0, 1, 6]
[11,7574],[1, 0, 4, 4, 1, 11]
[11,7575],[0, 0, 2, 5, 2]
[11,7576],[0, 0, 4, 2, 8]
[11,7577],[1, 1, 3, 0, 4, 9]
[11,7578],[0, 1, 0, 6, 5]
[11,7579],[1, 2, 0, 6, 1]
[11,7580],[1, 1, 0, 6]
[11,7581],[1, 0, 1, 5, 4, 12]
[11,7582],[1, 2, 2, 2, 2, 1]
[11,7583],[1, 0, 4, 0, 9]
[11,7584],[1, 2, 3, 1, 10, 6]
[11,7585],[0, 1, 2, 4, 7]
[11,7586],[1, 1, 2, 4, 10]
[11,7587],[0, 0, 1, 4, 4]
[11,7588],[0, 0, 2, 4, 1]
[11,7589],[1, 0, 1, 1, 1]
[11,7590],[1, 2, 4, 1, 3]
[11,7591],[0, 2, 2, 1, 5]
[11,7592],[1, 1, 1, 6]
[11,7593],[1, 1, 2, 5, 8, 11]
[11,7594],[1, 1, 2, 3, 1]
[11,7595],[0, 0, 3, 3]
[11,7596],[1, 0, 4, 4]
[11,7597],[0, 0, 0, 3, 1]
[11,7598],[0, 2, 4, 3, 8]
[11,7599],[1, 0, 0, 1]
[11,7600],[0, 0, 2, 6, 10]
[11,7601],[1, 2, 4, 1, 3]
[11,7602],[0, 0, 1, 1, 2]
[11,7603],[1, 0, 4, 0]
[11,7604],[0, 2, 2, 5]
[11,7605],[0, 1, 0, 6, 5]
[11,7606],[0, 0, 0, 4, 5, 11]
[11,7607],[1, 0, 4, 3, 10]
[11,7608],[0, 0, 2, 4]
[11,7609],[0, 0, 0, 1, 3]
[11,7610],[0, 2, 0, 5, 2]
[11,7611],[0, 2, 0, 0]
[11,7612],[0, 1, 4, 1, 9]
[11,7613],[0, 2, 1, 6, 3]
[11,7614],[1, 0, 0, 3, 4, 6]
[11,7615],[1, 0, 0, 1, 9, 7]
[11,7616],[0, 0, 1, 5, 6, 5]
[11,7617],[0, 0, 4, 1, 1, 11]
[11,7618],[0, 2, 4, 3, 8, 3]
[11,7619],[0, 1, 4, 0, 1, 3]
[11,7620],[1, 2, 1, 4, 3, 1]
[11,7621],[1, 2, 0, 5, 5, 0]
[11,7622],[1, 2, 3, 4, 8, 11]
[11,7623],[0, 0, 3, 1, 8, 1]
[11,7624],[1, 0, 1, 6, 6, 3]
[11,7625],[0, 2, 2, 5, 8, 1]
[11,7626],[1, 2, 2, 1, 2]
[11,7627],[0, 2, 1, 4, 10, 8]
[11,7628],[0, 2, 4, 6, 10, 0]
[11,7629],[1, 1, 0, 4, 8, 4]
[11,7630],[0, 2, 1, 6, 2, 3]
[11,7631],[0, 2, 2, 2, 3, 7]
[11,7632],[0, 0, 2, 2, 3]
[11,7633],[0, 1, 3, 6, 3, 0]
[11,7634],[0, 2, 4, 4, 1, 8]
[11,7635],[0, 0, 2, 2, 10, 2]
[11,7636],[1, 2, 3, 3, 3, 8]
[11,7637],[1, 1, 4, 0, 10, 5]
[11,7638],[1, 2, 1, 0, 10]
[11,7639],[0, 2, 0, 3, 5, 3]
[11,7640],[0, 0, 4, 3, 2, 10]
[11,7641],[0, 2, 4, 2, 8]
[11,7642],[0, 1, 2, 5, 7, 10]
[11,7643],[0, 1, 1, 0, 4, 9]
[11,7644],[1, 1, 3, 0, 5]
[11,7645],[0, 1, 2, 5, 7, 10]
[11,7646],[0, 0, 2, 2, 3, 10]
[11,7647],[1, 2, 0, 2, 9, 6]
[11,7648],[0, 0, 0, 3, 9, 3]
[11,7649],[1, 1, 3, 6, 4, 4]
[11,7650],[0, 2, 2, 6, 2]
[11,7651],[1, 2, 3, 0, 4, 9]
[11,7652],[0, 0, 1, 6, 9]
[11,7653],[0, 0, 2, 3, 1, 11]
[11,7654],[1, 0, 3, 6, 6, 11]
[11,7655],[0, 2, 2, 0, 0]
[11,7656],[1, 1, 4, 1, 5]
[11,7657],[0, 0, 3, 4, 1]
[11,7658],[0, 0, 3, 1, 4, 9]
[11,7659],[1, 1, 2, 0, 10, 3]
[11,7660],[1, 2, 2, 0, 2]
[11,7661],[0, 0, 3, 1, 4, 9]
[11,7662],[0, 0, 2, 2, 4]
[11,7663],[0, 0, 3, 5, 0]
[11,7664],[0, 0, 4, 4, 10]
[11,7665],[1, 2, 1, 1, 1]
[11,7666],[0, 1, 4, 1, 8]
[11,7667],[0, 1, 0, 4, 8]
[11,7668],[0, 0, 3, 4, 3]
[11,7669],[0, 1, 3, 4, 8]
[11,7670],[0, 2, 3, 5, 2]
[11,7671],[0, 2, 0, 4, 7, 10]
[11,7672],[0, 1, 3, 1, 6, 7]
[11,7673],[0, 1, 2, 5, 8, 2]
[11,7674],[0, 2, 2, 4, 3, 0]
[11,7675],[1, 1, 4, 6, 8, 4]
[11,7676],[0, 1, 0, 1, 8]
[11,7677],[0, 2, 3, 4, 8]
[11,7678],[1, 0, 1, 5, 4, 12]
[11,7679],[1, 2, 2, 2, 2, 1]
[11,7680],[1, 2, 2, 1]
[11,7681],[1, 2, 3, 4, 9]
[11,7682],[1, 0, 1, 6, 1]
[11,7683],[0, 1, 3, 3, 6, 3]
[11,7684],[0, 1, 3, 5, 6]
[11,7685],[1, 1, 4, 6, 8, 0]
[11,7686],[0, 1, 2, 2, 1, 12]
[11,7687],[0, 0, 2, 4, 0]
[11,7688],[1, 1, 3, 2, 1, 12]
[11,7689],[1, 0, 1, 0, 4, 8]
[11,7690],[1, 0, 2, 6, 1, 9]
[11,7691],[1, 2, 1, 4, 3, 1]
[11,7692],[1, 1, 1, 1, 6, 3]
[11,7693],[1, 2, 2, 0, 0, 4]
[11,7694],[0, 2, 1, 4, 5]
[11,7695],[1, 0, 4, 0, 10, 10]
[11,7696],[0, 2, 0, 6, 3, 9]
[11,7697],[0, 0, 1, 5, 6, 5]
[11,7698],[0, 1, 0, 2, 6, 9]
[11,7699],[1, 2, 1, 0, 10]
[11,7700],[1, 1, 0, 1, 10]
[11,7701],[0, 0, 1, 0, 6]
[11,7702],[1, 2, 3, 3, 10]
[11,7703],[1, 2, 1, 0, 10]
[11,7704],[0, 1, 3, 2, 0]
[11,7705],[0, 2, 2, 4, 6]
[11,7706],[0, 0, 2, 5, 2]
[11,7707],[0, 0, 2, 5, 2]
[11,7708],[1, 0, 1, 5, 9, 7]
[11,7709],[1, 0, 1, 5, 9]
[11,7710],[0, 0, 1, 0]
[11,7711],[1, 1, 2, 6, 7]
[11,7712],[0, 1, 3, 5, 2]
[11,7713],[1, 2, 3, 1, 8]
[11,7714],[1, 2, 3, 6, 9]
[11,7715],[0, 0, 4, 6]
[11,7716],[1, 2, 2, 4, 0]
[11,7717],[0, 1, 0, 0, 2]
[11,7718],[0, 0, 4, 2, 4]
[11,7719],[0, 2, 0, 5, 10]
[11,7720],[0, 0, 3, 0, 8]
[11,7721],[1, 1, 4, 4, 2, 1]
[11,7722],[0, 1, 4, 6]
[11,7723],[1, 1, 1, 5, 3]
[11,7724],[1, 2, 4, 5, 7, 7]
[11,7725],[1, 2, 1, 2, 4, 12]
[11,7726],[0, 1, 2, 0, 9, 2]
[11,7727],[0, 0, 2, 4, 6]
[11,7728],[1, 2, 1, 6, 2]
[11,7729],[0, 2, 0, 0, 6, 9]
[11,7730],[1, 1, 0, 3, 1]
[11,7731],[0, 2, 1, 2, 2, 9]
[11,7732],[0, 1, 4, 0, 5, 4]
[11,7733],[1, 2, 0, 1, 10, 11]
[11,7734],[1, 1, 3, 0, 4]
[11,7735],[0, 0, 4, 5, 1, 3]
[11,7736],[1, 0, 0, 6, 9, 6]
[11,7737],[0, 2, 4, 1, 1, 1]
[11,7738],[0, 1, 1, 6, 0, 5]
[11,7739],[1, 2, 3, 0]
[11,7740],[0, 0, 0, 1, 7, 10]
[11,7741],[1, 2, 1, 2, 4, 12]
[11,7742],[0, 2, 4, 5, 1, 2]
[11,7743],[0, 2, 0, 4, 2, 4]
[11,7744],[1, 0, 3, 5, 9]
[11,7745],[0, 0, 4, 6, 2]
[11,7746],[1, 2, 0, 6, 9, 9]
[11,7747],[1, 1, 3, 5, 9]
[11,7748],[1, 2, 4, 0]
[11,7749],[1, 1, 1, 2, 7]
[11,7750],[0, 1, 3, 5, 10, 11]
[11,7751],[1, 0, 4, 0, 10, 10]
[11,7752],[1, 2, 0, 2, 4, 6]
[11,7753],[0, 0, 0, 0, 4]
[11,7754],[1, 0, 2, 6, 1, 9]
[11,7755],[1, 0, 1, 5, 9, 7]
[11,7756],[0, 0, 2, 3, 10, 2]
[11,7757],[0, 2, 4, 2, 10, 11]
[11,7758],[0, 1, 0, 5, 1]
[11,7759],[0, 0, 4, 4, 9]
[11,7760],[0, 1, 4, 0, 5, 4]
[11,7761],[0, 2, 0, 6, 7, 3]
[11,7762],[0, 1, 1, 0, 2, 4]
[11,7763],[0, 0, 4, 0, 0, 12]
[11,7764],[0, 2, 4, 6, 2, 1]
[11,7765],[1, 2, 1, 3, 2, 4]
[11,7766],[1, 0, 4, 6, 0, 10]
[11,7767],[0, 0, 4, 6, 9, 8]
[11,7768],[0, 2, 2, 2, 0, 9]
[11,7769],[0, 2, 1, 4, 5, 12]
[11,7770],[0, 2, 1, 4, 5, 12]
[11,7771],[0, 0, 0, 1, 3, 4]
[11,7772],[0, 0, 0, 4, 0]
[11,7773],[0, 2, 1, 5, 5, 12]
[11,7774],[0, 2, 1, 5, 5, 12]
[11,7775],[0, 0, 0, 3, 5]
[11,7776],[0, 2, 2, 4, 2]
[11,7777],[1, 2, 0, 2, 7]
[11,7778],[1, 2, 1, 0, 5]
[11,7779],[0, 2, 1, 2, 0]
[11,7780],[1, 1, 4, 2, 10]
[11,7781],[0, 0, 4, 2, 4]
[11,7782],[0, 2, 3, 5, 10]
[11,7783],[0, 0, 0, 1, 3, 4]
[11,7784],[0, 1, 2, 6, 8, 10]
[11,7785],[0, 1, 0, 1]
[11,7786],[1, 2, 2, 4, 3]
[11,7787],[1, 2, 2, 6, 2]
[11,7788],[0, 2, 0, 3, 8]
[11,7789],[1, 1, 4, 5, 2, 4]
[11,7790],[0, 0, 1, 1, 8, 5]
[11,7791],[1, 1, 3, 0, 3]
[11,7792],[1, 2, 0, 6, 0]
[11,7793],[0, 0, 0, 6, 3]
[11,7794],[0, 0, 2, 6, 10, 0]
[11,7795],[0, 1, 2, 6]
[11,7796],[1, 0, 2, 5, 10, 11]
[11,7797],[0, 2, 0, 4, 0]
[11,7798],[1, 0, 3, 5, 10]
[11,7799],[1, 1, 2, 3, 1, 8]
[11,7800],[1, 1, 4, 6, 2, 12]
[11,7801],[0, 1, 1, 1, 10, 0]
[11,7802],[1, 0, 2, 6, 7, 3]
[11,7803],[0, 0, 4, 5, 7]
[11,7804],[0, 0, 0, 1, 7, 1]
[11,7805],[1, 0, 4, 1, 0]
[11,7806],[1, 1, 3, 1, 10]
[11,7807],[1, 1, 3, 5]
[11,7808],[1, 2, 0, 2, 5, 6]
[11,7809],[1, 0, 1, 5, 9]
[11,7810],[0, 2, 1, 6, 5, 7]
[11,7811],[0, 2, 4, 3, 8, 3]
[11,7812],[1, 0, 1, 4, 8, 11]
[11,7813],[0, 2, 4, 3, 8, 3]
[11,7814],[1, 0, 1, 2, 0, 0]
[11,7815],[0, 1, 2, 5, 7, 10]
[11,7816],[0, 1, 1, 2, 6, 8]
[11,7817],[0, 2, 3, 6, 1, 0]
[11,7818],[0, 2, 0, 3]
[11,7819],[1, 2, 2, 0]
[11,7820],[0, 2, 2, 6]
[11,7821],[1, 1, 0, 1]
[11,7822],[0, 0, 2, 4]
[11,7823],[1, 2, 4, 1, 3]
[11,7824],[1, 0, 1, 5, 9]
[11,7825],[1, 2, 0, 4, 1]
[11,7826],[0, 2, 2, 5, 4]
[11,7827],[0, 2, 4, 3, 2, 1]
[11,7828],[1, 2, 0, 6]
[11,7829],[0, 1, 0, 1]
[11,7830],[1, 2, 3, 6]
[11,7831],[0, 0, 4, 3, 1]
[11,7832],[1, 2, 0, 0, 2]
[11,7833],[1, 1, 1, 3]
[11,7834],[0, 0, 2, 1, 10]
[11,7835],[1, 1, 4, 6, 2]
[11,7836],[1, 0, 4, 0, 10]
[11,7837],[0, 2, 3, 2, 3, 1]
[11,7838],[1, 1, 3, 0, 4]
[11,7839],[1, 1, 1, 5, 2, 8]
[11,7840],[0, 0, 1, 0, 6, 3]
[11,7841],[0, 0, 2, 6, 10, 0]
[11,7842],[1, 1, 0, 6, 8, 2]
[11,7843],[1, 0, 0, 3, 5]
[11,7844],[0, 0, 1, 5, 6, 5]
[11,7845],[0, 0, 2, 6, 5, 3]
[11,7846],[1, 0, 2, 0, 0, 7]
[11,7847],[1, 1, 3, 1, 4, 1]
[11,7848],[0, 1, 2, 1, 9, 2]
[11,7849],[0, 2, 4, 2, 3, 8]
[11,7850],[1, 1, 4, 4, 10, 4]
[11,7851],[1, 0, 0, 1, 7]
[11,7852],[0, 1, 3, 2, 9, 1]
[11,7853],[0, 0, 2, 6, 5, 3]
[11,7854],[0, 1, 4, 3, 6, 10]
[11,7855],[1, 2, 1, 3, 9, 12]
[11,7856],[0, 2, 4, 3, 8, 3]
[11,7857],[0, 0, 0, 2, 6, 7]
[11,7858],[1, 1, 3, 0, 4, 9]
[11,7859],[0, 2, 4, 6, 7, 8]
[11,7860],[0, 0, 1, 5, 6, 5]
[11,7861],[0, 0, 1, 5, 6, 5]
[11,7862],[0, 0, 0, 1, 0, 12]
[11,7863],[0, 0, 1, 0, 0, 9]
[11,7864],[0, 1, 2, 6, 9]
[11,7865],[0, 0, 0, 1, 3, 4]
[11,7866],[0, 0, 1, 0, 1, 10]
[11,7867],[0, 0, 0, 1, 1]
[11,7868],[0, 0, 2, 1, 10, 4]
[11,7869],[0, 2, 0, 1, 8]
[11,7870],[1, 1, 3, 6, 1, 3]
[11,7871],[0, 1, 1, 0, 3, 3]
[11,7872],[0, 2, 0, 3, 3, 9]
[11,7873],[0, 0, 3, 0, 10, 5]
[11,7874],[0, 0, 1, 2, 1, 12]
[11,7875],[0, 1, 2, 0, 5, 9]
[11,7876],[1, 2, 3, 6, 10, 4]
[11,7877],[0, 2, 4, 3, 3, 4]
[11,7878],[1, 0, 3, 5, 3, 11]
[11,7879],[0, 0, 4, 3, 1, 11]
[11,7880],[0, 0, 4, 1, 10, 10]
[11,7881],[0, 0, 4, 3, 1, 11]
[11,7882],[0, 1, 0, 5, 2, 4]
[11,7883],[0, 1, 0, 0, 10, 0]
[11,7884],[0, 0, 1, 5, 0]
[11,7885],[0, 0, 1, 0, 6]
[11,7886],[0, 1, 0, 1, 4, 8]
[11,7887],[0, 0, 3, 4, 10]
[11,7888],[1, 1, 0, 5, 5, 11]
[11,7889],[0, 2, 2, 1, 7, 7]
[11,7890],[0, 1, 2, 6, 8, 10]
[11,7891],[0, 0, 1, 4, 1, 10]
[11,7892],[1, 1, 1, 2, 9]
[11,7893],[0, 0, 2, 6]
[11,7894],[0, 1, 0, 1]
[11,7895],[0, 2, 0, 5]
[11,7896],[0, 2, 4, 2]
[11,7897],[0, 2, 0, 4]
[11,7898],[1, 0, 0, 4, 1, 8]
[11,7899],[0, 0, 4, 0]
[11,7900],[0, 1, 0, 5]
[11,7901],[0, 1, 0, 5]
[11,7902],[0, 0, 2, 0, 7]
[11,7903],[0, 1, 3, 1, 1, 9]
[11,7904],[0, 0, 1, 5, 1, 12]
[11,7905],[0, 1, 3, 1, 1, 9]
[11,7906],[1, 0, 2, 0, 8, 5]
[11,7907],[1, 1, 1, 0, 9, 7]
[11,7908],[0, 1, 3, 1, 1, 9]
[11,7909],[1, 1, 1, 1, 6, 5]
[11,7910],[0, 0, 1, 5, 1, 12]
[11,7911],[0, 1, 3, 1, 1, 9]
[11,7912],[0, 1, 3, 1, 1, 9]
[11,7913],[0, 1, 0, 3, 1, 7]
[11,7914],[0, 1, 0, 3, 1, 7]
[11,7915],[0, 0, 3, 0, 3]
[11,7916],[1, 2, 1, 4, 1]
[11,7917],[0, 2, 0, 3, 5]
[11,7918],[0, 2, 0, 3, 5]
[11,7919],[0, 1, 0, 2]
[11,7920],[1, 0, 4, 4, 7]
[11,7921],[0, 0, 4, 6, 0]
[11,7922],[0, 0, 2, 4, 0]
[11,7923],[1, 0, 1, 0, 7, 11]
[11,7924],[0, 0, 4, 5, 0]
[11,7925],[0, 0, 1, 4, 7]
[11,7926],[1, 2, 0, 6, 10]
[11,7927],[1, 0, 4, 5, 8, 3]
[11,7928],[1, 1, 1, 0, 10]
[11,7929],[1, 0, 0, 0, 5, 12]
[11,7930],[1, 1, 2, 1, 0, 8]
[11,7931],[0, 0, 3, 5, 8]
[11,7932],[0, 2, 4, 5, 6]
[11,7933],[1, 1, 4, 4, 10]
[11,7934],[1, 1, 4, 1, 10]
[11,7935],[0, 2, 2, 6, 0]
[11,7936],[1, 2, 3, 6, 9]
[11,7937],[0, 2, 0, 3, 1]
[11,7938],[1, 2, 2, 1, 10, 11]
[11,7939],[0, 1, 4, 6, 10]
[11,7940],[0, 2, 2, 6, 5, 6]
[11,7941],[0, 2, 0, 3, 4, 12]
[11,7942],[1, 0, 1, 5, 10, 12]
[11,7943],[0, 2, 3, 6, 1]
[11,7944],[1, 0, 4, 3, 1]
[11,7945],[1, 0, 1, 4, 3]
[11,7946],[1, 1, 0, 2, 6, 6]
[11,7947],[0, 1, 4, 4, 8]
[11,7948],[0, 2, 0, 6, 3]
[11,7949],[1, 2, 0, 4, 0, 4]
[11,7950],[0, 1, 0, 0, 10]
[11,7951],[1, 0, 0, 4, 3, 3]
[11,7952],[0, 0, 4, 3, 9]
[11,7953],[0, 0, 2, 0, 10]
[11,7954],[1, 1, 4, 5]
[11,7955],[0, 0, 4, 0, 9]
[11,7956],[0, 1, 0, 5, 2]
[11,7957],[1, 1, 4, 1, 5]
[11,7958],[0, 2, 1, 6, 3]
[11,7959],[0, 0, 0, 0]
[11,7960],[1, 1, 2, 5, 8]
[11,7961],[1, 0, 2, 3, 2]
[11,7962],[0, 0, 2, 2, 4, 12]
[11,7963],[0, 0, 4, 0, 5]
[11,7964],[1, 2, 3, 3, 2, 9]
[11,7965],[1, 1, 2, 5]
[11,7966],[1, 0, 1, 6, 1]
[11,7967],[1, 0, 0, 0]
[11,7968],[0, 0, 4, 5, 0]
[11,7969],[1, 0, 2, 4, 6]
[11,7970],[0, 0, 4, 1, 4]
[11,7971],[1, 1, 0, 0, 2]
[11,7972],[1, 0, 4, 5, 9, 6]
[11,7973],[1, 1, 4, 1, 7, 6]
[11,7974],[0, 0, 2, 4, 0]
[11,7975],[0, 0, 3, 6, 9]
[11,7976],[0, 1, 1, 4, 5]
[11,7977],[0, 0, 1, 2]
[11,7978],[1, 2, 3, 5, 3]
[11,7979],[0, 1, 2, 3, 9, 11]
[11,7980],[0, 0, 2, 3, 9]
[11,7981],[0, 0, 1, 0, 3]
[11,7982],[1, 0, 1, 0, 3, 0]
[11,7983],[1, 2, 3, 6]
[11,7984],[1, 0, 3, 6, 5, 1]
[11,7985],[0, 1, 1, 4, 5, 4]
[11,7986],[0, 1, 4, 2, 3, 5]
[11,7987],[1, 0, 2, 1, 10, 6]
[11,7988],[0, 0, 3, 6]
[11,7989],[0, 2, 4, 3, 3]
[11,7990],[1, 1, 3, 1, 8]
[11,7991],[1, 0, 2, 1, 2, 11]
[11,7992],[0, 2, 4, 3, 2, 6]
[11,7993],[0, 2, 0, 2, 7]
[11,7994],[1, 2, 2, 5, 2, 1]
[11,7995],[0, 0, 0, 1, 2]
[11,7996],[0, 2, 1, 0, 7, 12]
[11,7997],[0, 1, 4, 5, 1]
[11,7998],[0, 1, 2, 5, 3, 1]
[11,7999],[1, 2, 2, 3, 6, 9]
[11,8000],[0, 2, 1, 4, 10]
[11,8001],[0, 0, 4, 2, 10, 5]
[11,8002],[1, 2, 0, 1]
[11,8003],[0, 1, 4, 0, 10]
[11,8004],[0, 1, 3, 4, 2, 3]
[11,8005],[0, 1, 4, 5, 4]
[11,8006],[1, 2, 0, 2]
[11,8007],[0, 1, 4, 5, 10]
[11,8008],[0, 1, 0, 4]
[11,8009],[1, 2, 2, 1, 3]
[11,8010],[1, 1, 4, 5]
[11,8011],[1, 1, 3, 4, 3]
[11,8012],[0, 0, 3, 2, 2]
[11,8013],[0, 2, 4, 5, 2, 11]
[11,8014],[0, 1, 1, 2]
[11,8015],[0, 0, 4, 5, 1]
[11,8016],[1, 1, 4, 1, 0]
[11,8017],[0, 0, 2, 5, 7]
[11,8018],[1, 0, 3, 0, 7, 8]
[11,8019],[1, 1, 1, 5, 2]
[11,8020],[1, 0, 4, 0, 5]
[11,8021],[0, 0, 3, 5, 5, 8]
[11,8022],[0, 1, 2, 6, 9]
[11,8023],[1, 1, 0, 4, 1]
[11,8024],[0, 2, 0, 6, 6, 2]
[11,8025],[0, 2, 4, 4, 1]
[11,8026],[0, 1, 2, 1, 4]
[11,8027],[1, 1, 2, 2, 1]
[11,8028],[0, 1, 1, 1]
[11,8029],[1, 1, 3, 5, 6]
[11,8030],[0, 2, 1, 3, 6]
[11,8031],[0, 0, 3, 5, 1]
[11,8032],[0, 1, 2, 6, 8, 7]
[11,8033],[0, 1, 1, 1, 7, 8]
[11,8034],[0, 0, 0, 4, 1]
[11,8035],[0, 1, 4, 0, 8, 8]
[11,8036],[0, 2, 3, 1, 10]
[11,8037],[1, 2, 3, 0, 4]
[11,8038],[0, 0, 0, 4, 9, 5]
[11,8039],[1, 2, 3, 4, 9]
[11,8040],[0, 2, 2, 3, 2, 10]
[11,8041],[0, 2, 3, 0, 0, 4]
[11,8042],[1, 1, 2, 2, 9]
[11,8043],[0, 1, 0, 4, 4, 10]
[11,8044],[1, 2, 3, 6, 8, 9]
[11,8045],[1, 2, 2, 1, 1]
[11,8046],[0, 2, 0, 0, 4]
[11,8047],[0, 2, 4, 4, 8]
[11,8048],[0, 1, 0, 6, 3]
[11,8049],[0, 0, 4, 0]
[11,8050],[1, 1, 3, 0, 10]
[11,8051],[1, 0, 0, 2, 8]
[11,8052],[0, 0, 4, 3, 1, 0]
[11,8053],[1, 2, 0, 0, 7, 10]
[11,8054],[1, 1, 0, 1, 5]
[11,8055],[0, 2, 0, 1, 4]
[11,8056],[1, 0, 0, 1, 3, 12]
[11,8057],[1, 1, 4, 1, 7, 6]
[11,8058],[1, 2, 0, 0]
[11,8059],[0, 2, 2, 6, 9]
[11,8060],[1, 2, 1, 3, 6]
[11,8061],[1, 1, 4, 0, 6, 2]
[11,8062],[1, 2, 0, 4, 10]
[11,8063],[0, 1, 1, 2, 1]
[11,8064],[1, 2, 1, 3, 3]
[11,8065],[1, 1, 4, 3, 3, 7]
[11,8066],[1, 0, 1, 1, 5, 12]
[11,8067],[0, 2, 2, 6]
[11,8068],[0, 2, 0, 0, 6]
[11,8069],[1, 2, 0, 5, 6]
[11,8070],[0, 2, 2, 4, 10, 11]
[11,8071],[0, 1, 1, 2, 0, 2]
[11,8072],[0, 2, 4, 5, 7, 1]
[11,8073],[1, 1, 2, 6, 3, 3]
[11,8074],[0, 2, 2, 0, 3]
[11,8075],[0, 2, 2, 6, 0]
[11,8076],[1, 0, 3, 5, 10]
[11,8077],[0, 2, 3, 2, 8, 9]
[11,8078],[0, 2, 2, 2, 3]
[11,8079],[1, 2, 1, 2, 10, 9]
[11,8080],[1, 0, 4, 6, 7, 2]
[11,8081],[1, 0, 3, 4, 5]
[11,8082],[0, 1, 4, 2, 8, 7]
[11,8083],[1, 0, 1, 4, 2]
[11,8084],[1, 0, 1, 3, 7]
[11,8085],[1, 1, 4, 4, 4]
[11,8086],[1, 0, 4, 6, 2, 2]
[11,8087],[0, 1, 1, 2, 4, 9]
[11,8088],[0, 0, 1, 2, 0]
[11,8089],[0, 0, 1, 1, 9]
[11,8090],[1, 1, 0, 0, 8, 2]
[11,8091],[1, 2, 0, 5]
[11,8092],[0, 1, 2, 2, 0]
[11,8093],[0, 0, 3, 1, 5]
[11,8094],[0, 0, 3, 0, 9]
[11,8095],[0, 0, 2, 3, 1, 10]
[11,8096],[0, 2, 0, 6, 10]
[11,8097],[0, 2, 0, 6, 10, 9]
[11,8098],[0, 1, 2, 5, 8, 2]
[11,8099],[0, 0, 4, 3, 1]
[11,8100],[0, 0, 1, 0, 0, 4]
[11,8101],[0, 2, 0, 5, 1, 6]
[11,8102],[0, 2, 4, 5, 0, 6]
[11,8103],[0, 0, 3, 3, 7]
[11,8104],[0, 2, 0, 0, 0, 4]
[11,8105],[1, 0, 4, 0, 0]
[11,8106],[1, 1, 1, 1, 1, 0]
[11,8107],[1, 1, 3, 1, 5]
[11,8108],[0, 1, 4, 4, 2, 9]
[11,8109],[0, 2, 3, 2, 8, 10]
[11,8110],[1, 2, 0, 2]
[11,8111],[1, 0, 1, 5, 2]
[11,8112],[0, 0, 4, 3]
[11,8113],[1, 1, 4, 5, 1]
[11,8114],[1, 1, 2, 6]
[11,8115],[1, 1, 2, 6, 10]
[11,8116],[1, 1, 4, 4, 6, 8]
[11,8117],[1, 2, 4, 1]
[11,8118],[0, 2, 1, 2, 1]
[11,8119],[0, 0, 1, 6]
[11,8120],[0, 1, 2, 1, 6]
[11,8121],[1, 1, 0, 4, 0]
[11,8122],[0, 2, 2, 4, 4]
[11,8123],[0, 1, 3, 6, 1]
[11,8124],[1, 0, 3, 4, 3]
[11,8125],[0, 0, 3, 3]
[11,8126],[0, 0, 1, 3]
[11,8127],[1, 2, 2, 0]
[11,8128],[1, 1, 3, 6, 10, 12]
[11,8129],[1, 0, 3, 0, 2]
[11,8130],[0, 2, 0, 6]
[11,8131],[1, 0, 4, 3, 9]
[11,8132],[0, 2, 1, 0]
[11,8133],[0, 1, 4, 5, 5, 5]
[11,8134],[1, 0, 3, 1, 2, 2]
[11,8135],[0, 2, 0, 0, 1]
[11,8136],[0, 2, 0, 5, 1, 6]
[11,8137],[0, 1, 2, 0, 0, 7]
[11,8138],[0, 0, 3, 1, 5, 0]
[11,8139],[0, 1, 1, 1, 0, 5]
[11,8140],[0, 0, 4, 0, 5, 12]
[11,8141],[1, 1, 2, 1, 4]
[11,8142],[0, 2, 2, 5, 1, 2]
[11,8143],[0, 1, 4, 0, 6]
[11,8144],[1, 1, 3, 4, 7]
[11,8145],[1, 2, 0, 6, 1, 0]
[11,8146],[0, 0, 3, 0, 2, 1]
[11,8147],[0, 1, 4, 3]
[11,8148],[0, 2, 0, 5, 10]
[11,8149],[0, 2, 1, 6, 3]
[11,8150],[1, 1, 4, 3]
[11,8151],[0, 0, 2, 1, 4]
[11,8152],[0, 2, 1, 4, 6, 6]
[11,8153],[1, 1, 4, 1, 3, 10]
[11,8154],[1, 0, 4, 6]
[11,8155],[0, 1, 0, 6, 1]
[11,8156],[0, 0, 3, 5]
[11,8157],[0, 1, 1, 6, 3, 7]
[11,8158],[0, 0, 3, 4, 7, 0]
[11,8159],[0, 1, 0, 0, 9, 9]
[11,8160],[0, 0, 3, 5, 5, 10]
[11,8161],[1, 2, 2, 3, 8, 3]
[11,8162],[0, 0, 3, 4, 10, 12]
[11,8163],[0, 2, 3, 1, 7, 5]
[11,8164],[0, 2, 4, 6, 6, 3]
[11,8165],[0, 0, 2, 3]
[11,8166],[0, 2, 0, 5, 5]
[11,8167],[0, 1, 3, 5, 1]
[11,8168],[0, 2, 0, 5, 3]
[11,8169],[1, 2, 4, 0, 0]
[11,8170],[0, 0, 3, 5, 5, 10]
[11,8171],[0, 1, 2, 2, 9, 7]
[11,8172],[0, 1, 1, 1, 0, 5]
[11,8173],[0, 0, 2, 2, 6, 9]
[11,8174],[0, 0, 4, 1, 0, 9]
[11,8175],[1, 0, 1, 2, 4, 8]
[11,8176],[1, 2, 1, 5, 7, 7]
[11,8177],[0, 2, 1, 6, 0, 9]
[11,8178],[1, 0, 4, 1, 2, 8]
[11,8179],[0, 0, 0, 1, 7, 1]
[11,8180],[0, 2, 3, 2, 6]
[11,8181],[0, 1, 2, 2, 0, 1]
[11,8182],[1, 1, 2, 2, 9, 7]
[11,8183],[1, 2, 0, 5, 2, 0]
[11,8184],[0, 1, 0, 4, 0]
[11,8185],[0, 1, 3, 5, 0]
[11,8186],[0, 2, 0, 6, 3]
[11,8187],[0, 0, 1, 5, 6]
[11,8188],[1, 0, 4, 2, 0, 4]
[11,8189],[0, 1, 3, 5]
[11,8190],[0, 2, 1, 5, 5]
[11,8191],[1, 2, 4, 3, 8]
[11,8192],[0, 1, 3, 1, 7]
[11,8193],[0, 1, 3, 5, 0]
[11,8194],[0, 1, 2, 1, 8, 0]
[11,8195],[0, 1, 1, 1, 1, 0]
[11,8196],[1, 0, 0, 1, 9]
[11,8197],[0, 1, 4, 6, 5]
[11,8198],[0, 1, 3, 5, 0]
[11,8199],[1, 1, 0, 1, 2]
[11,8200],[0, 0, 2, 6, 5]
[11,8201],[1, 0, 1, 1, 4]
[11,8202],[0, 1, 3, 5]
[11,8203],[1, 2, 3, 6, 6, 5]
[11,8204],[0, 1, 0, 3, 2]
[11,8205],[0, 0, 0, 0, 0, 11]
[11,8206],[0, 0, 2, 4, 1]
[11,8207],[1, 2, 4, 0, 6]
[11,8208],[0, 2, 4, 2, 3, 9]
[11,8209],[1, 1, 0, 0, 6]
[11,8210],[0, 0, 4, 0, 2]
[11,8211],[0, 0, 2, 1, 10]
[11,8212],[0, 2, 4, 1, 5]
[11,8213],[0, 0, 2, 4, 0]
[11,8214],[1, 0, 2, 4, 8]
[11,8215],[1, 1, 0, 4, 2]
[11,8216],[1, 2, 2, 2, 0]
[11,8217],[1, 0, 0, 4, 4]
[11,8218],[0, 2, 0, 2, 2]
[11,8219],[1, 1, 1, 0, 1]
[11,8220],[0, 2, 4, 6, 4]
[11,8221],[1, 2, 2, 6, 1]
[11,8222],[0, 2, 3, 0]
[11,8223],[1, 2, 4, 0, 8]
[11,8224],[0, 0, 3, 3]
[11,8225],[0, 0, 0, 4, 7]
[11,8226],[0, 0, 2, 5, 10]
[11,8227],[1, 0, 4, 1, 6]
[11,8228],[1, 0, 4, 6, 2]
[11,8229],[1, 2, 2, 1]
[11,8230],[1, 0, 1, 4, 6]
[11,8231],[0, 2, 4, 6, 2]
[11,8232],[1, 0, 3, 2, 2]
[11,8233],[1, 0, 1, 6]
[11,8234],[0, 2, 0, 6]
[11,8235],[1, 2, 3, 1]
[11,8236],[1, 0, 4, 0, 10]
[11,8237],[1, 1, 1, 1]
[11,8238],[0, 2, 1, 6, 0]
[11,8239],[0, 2, 0, 2, 2]
[11,8240],[0, 1, 3, 4, 0]
[11,8241],[0, 2, 2, 6]
[11,8242],[0, 0, 2, 2, 5]
[11,8243],[0, 2, 2, 6, 4]
[11,8244],[0, 2, 3, 5, 4]
[11,8245],[1, 0, 3, 4, 0]
[11,8246],[0, 1, 3, 3, 9]
[11,8247],[1, 1, 0, 2, 6]
[11,8248],[0, 2, 0, 1]
[11,8249],[0, 2, 0, 4, 8]
[11,8250],[0, 2, 4, 6, 5]
[11,8251],[0, 0, 1, 6, 8]
[11,8252],[0, 2, 0, 6, 1]
[11,8253],[0, 0, 4, 6]
[11,8254],[0, 1, 2, 6, 8, 10]
[11,8255],[0, 1, 4, 0, 0]
[11,8256],[1, 1, 2, 2]
[11,8257],[0, 1, 1, 4, 2]
[11,8258],[1, 1, 4, 5, 1]
[11,8259],[0, 0, 0, 6]
[11,8260],[1, 0, 4, 5, 4, 8]
[11,8261],[0, 0, 2, 4, 10, 8]
[11,8262],[1, 1, 3, 3, 3]
[11,8263],[1, 1, 3, 6, 9]
[11,8264],[1, 2, 4, 0, 0]
[11,8265],[1, 2, 4, 0, 2]
[11,8266],[0, 0, 0, 3, 6]
[11,8267],[1, 1, 4, 1, 6]
[11,8268],[1, 2, 3, 0, 6]
[11,8269],[1, 1, 2, 5, 2]
[11,8270],[1, 2, 1, 5, 7, 7]
[11,8271],[1, 0, 0, 4, 5]
[11,8272],[0, 1, 1, 2, 8]
[11,8273],[0, 2, 0, 2, 2]
[11,8274],[1, 2, 4, 6, 7]
[11,8275],[1, 0, 2, 6, 8]
[11,8276],[1, 2, 4, 2]
[11,8277],[1, 2, 1, 5, 7]
[11,8278],[0, 0, 4, 1, 0]
[11,8279],[1, 0, 0, 6, 9]
[11,8280],[0, 2, 3, 1]
[11,8281],[0, 0, 2, 3, 10]
[11,8282],[1, 1, 1, 4, 4, 2]
[11,8283],[1, 2, 1, 6, 8]
[11,8284],[0, 0, 4, 1, 1]
[11,8285],[1, 1, 1, 2, 4]
[11,8286],[1, 1, 4, 1]
[11,8287],[0, 2, 3, 4]
[11,8288],[0, 0, 3, 1, 10]
[11,8289],[1, 2, 2, 0, 6]
[11,8290],[1, 1, 3, 3, 7]
[11,8291],[1, 1, 1, 1]
[11,8292],[0, 2, 1, 3, 9, 6]
[11,8293],[0, 1, 1, 6]
[11,8294],[1, 0, 0, 4, 0]
[11,8295],[1, 2, 4, 2, 5]
[11,8296],[0, 0, 4, 0, 1]
[11,8297],[1, 0, 0, 2]
[11,8298],[0, 1, 0, 1, 2]
[11,8299],[0, 0, 2, 0, 3]
[11,8300],[1, 0, 0, 4, 4]
[11,8301],[1, 1, 4, 5, 0, 0]
[11,8302],[0, 2, 1, 1, 10, 6]
[11,8303],[0, 2, 4, 4]
[11,8304],[1, 2, 1, 0, 10]
[11,8305],[1, 0, 0, 1, 5]
[11,8306],[1, 1, 4, 6, 10]
[11,8307],[1, 1, 4, 0]
[11,8308],[1, 1, 3, 6]
[11,8309],[0, 2, 0, 6, 3, 0]
[11,8310],[1, 1, 4, 3, 6, 4]
[11,8311],[0, 0, 0, 1]
[11,8312],[1, 0, 4, 6, 2]
[11,8313],[0, 0, 2, 3, 1]
[11,8314],[0, 0, 2, 3, 1, 10]
[11,8315],[0, 2, 0, 2, 1]
[11,8316],[1, 2, 2, 3, 2]
[11,8317],[0, 0, 4, 0, 7]
[11,8318],[0, 1, 2, 2]
[11,8319],[0, 0, 3, 1, 10]
[11,8320],[0, 1, 1, 4, 5]
[11,8321],[1, 1, 1, 5, 3]
[11,8322],[0, 2, 3, 3, 4]
[11,8323],[0, 0, 2, 1, 4, 11]
[11,8324],[1, 2, 1, 5]
[11,8325],[0, 2, 0, 4]
[11,8326],[0, 1, 3, 5, 2]
[11,8327],[1, 1, 4, 1, 7]
[11,8328],[1, 0, 1, 3]
[11,8329],[0, 1, 1, 1, 10]
[11,8330],[0, 0, 3, 6, 5]
[11,8331],[0, 2, 0, 5, 2]
[11,8332],[1, 0, 3, 3, 3]
[11,8333],[0, 1, 0, 5, 3]
[11,8334],[0, 0, 2, 6]
[11,8335],[0, 0, 0, 3, 9, 3]
[11,8336],[0, 2, 3, 4, 3]
[11,8337],[0, 2, 4, 4, 4]
[11,8338],[0, 0, 2, 0, 6]
[11,8339],[0, 2, 1, 5, 6]
[11,8340],[1, 1, 2, 6, 7]
[11,8341],[0, 0, 3, 5, 0]
[11,8342],[0, 1, 2, 6]
[11,8343],[1, 1, 3, 5]
[11,8344],[1, 2, 1, 6]
[11,8345],[1, 2, 0, 6]
[11,8346],[1, 2, 3, 2]
[11,8347],[0, 1, 4, 3]
[11,8348],[1, 1, 0, 5]
[11,8349],[1, 2, 1, 1]
[11,8350],[0, 0, 1, 5, 1]
[11,8351],[1, 0, 3, 2, 1]
[11,8352],[0, 0, 0, 6]
[11,8353],[1, 2, 0, 6, 9]
[11,8354],[1, 2, 4, 2]
[11,8355],[1, 0, 4, 1, 1]
[11,8356],[1, 2, 3, 4, 4]
[11,8357],[0, 0, 3, 5, 0]
[11,8358],[0, 0, 4, 2, 7]
[11,8359],[1, 2, 4, 2]
[11,8360],[1, 2, 2, 6]
[11,8361],[1, 2, 2, 4, 5]
[11,8362],[1, 2, 3, 0, 2, 1]
[11,8363],[1, 0, 2, 4]
[11,8364],[1, 2, 0, 3]
[11,8365],[0, 0, 4, 3]
[11,8366],[0, 1, 3, 4, 1]
[11,8367],[0, 1, 4, 0, 10]
[11,8368],[1, 0, 0, 6]
[11,8369],[0, 0, 2, 6]
[11,8370],[1, 0, 4, 0]
[11,8371],[0, 2, 1, 1]
[11,8372],[0, 2, 0, 2, 9, 8]
[11,8373],[0, 0, 3, 5, 2]
[11,8374],[0, 1, 3, 6]
[11,8375],[0, 1, 2, 4]
[11,8376],[0, 1, 2, 0, 6]
[11,8377],[1, 0, 0, 1, 6]
[11,8378],[1, 0, 2, 2]
[11,8379],[0, 1, 2, 0]
[11,8380],[1, 2, 3, 0]
[11,8381],[0, 2, 0, 3, 0]
[11,8382],[1, 0, 0, 5, 6]
[11,8383],[1, 2, 0, 0, 8]
[11,8384],[0, 1, 0, 4, 4]
[11,8385],[0, 1, 1, 5, 0]
[11,8386],[0, 1, 2, 3, 7]
[11,8387],[0, 0, 2, 4, 5]
[11,8388],[1, 1, 4, 0, 5]
[11,8389],[0, 1, 0, 1, 4, 8]
[11,8390],[1, 1, 2, 3, 2, 10]
[11,8391],[0, 1, 0, 3, 5]
[11,8392],[1, 2, 3, 5, 10]
[11,8393],[1, 2, 3, 3, 3, 8]
[11,8394],[1, 1, 1, 0, 1, 4]
[11,8395],[1, 1, 3, 2, 4]
[11,8396],[1, 1, 0, 6, 0, 6]
[11,8397],[0, 2, 0, 1, 8, 0]
[11,8398],[1, 2, 0, 4, 0, 5]
[11,8399],[0, 2, 4, 3, 8, 3]
[11,8400],[1, 2, 3, 4, 4]
[11,8401],[0, 0, 3, 6]
[11,8402],[0, 1, 4, 5]
[11,8403],[1, 0, 0, 1]
[11,8404],[1, 1, 0, 5]
[11,8405],[0, 1, 1, 5]
[11,8406],[1, 1, 2, 0, 10]
[11,8407],[1, 2, 3, 0, 8]
[11,8408],[0, 0, 2, 6]
[11,8409],[1, 1, 1, 5]
[11,8410],[0, 2, 2, 0]
[11,8411],[1, 1, 3, 0]
[11,8412],[0, 2, 4, 2]
[11,8413],[1, 2, 4, 4]
[11,8414],[1, 0, 1, 3]
[11,8415],[0, 2, 4, 0]
[11,8416],[1, 0, 3, 2]
[11,8417],[0, 1, 4, 4]
[11,8418],[1, 2, 3, 3]
[11,8419],[0, 0, 3, 0]
[11,8420],[1, 2, 4, 5]
[11,8421],[1, 2, 4, 6]
[11,8422],[0, 2, 3, 4, 9]
[11,8423],[0, 0, 1, 4, 6]
[11,8424],[0, 0, 1, 0, 1, 10]
[11,8425],[0, 0, 3, 6, 9, 0]
[11,8426],[0, 0, 0, 1, 3, 4]
[11,8427],[0, 2, 0, 5, 2, 5]
[11,8428],[0, 0, 2, 1, 10]
[11,8429],[0, 2, 1, 0]
[11,8430],[0, 1, 1, 3]
[11,8431],[0, 1, 0, 2]
[11,8432],[0, 0, 4, 1]
[11,8433],[1, 1, 3, 4]
[11,8434],[1, 1, 1, 4]
[11,8435],[1, 0, 2, 1]
[11,8436],[0, 0, 4, 1, 6]
[11,8437],[0, 0, 2, 4, 1, 11]
[11,8438],[0, 2, 4, 1, 4, 5]
[11,8439],[0, 0, 1, 1, 2, 11]
[11,8440],[1, 1, 4, 6]
[11,8441],[0, 2, 3, 0]
[11,8442],[1, 0, 1, 1]
[11,8443],[0, 2, 0, 0, 4, 12]
[11,8444],[1, 1, 0, 1]
[11,8445],[0, 2, 0, 2]
[11,8446],[1, 2, 2, 4]
[11,8447],[0, 0, 4, 4, 3]
[11,8448],[1, 0, 1, 5, 0]
[11,8449],[0, 1, 0, 0]
[11,8450],[1, 2, 3, 2]
[11,8451],[1, 0, 0, 6]
[11,8452],[1, 2, 0, 1, 0]
[11,8453],[0, 0, 1, 5, 1, 10]
[11,8454],[1, 0, 1, 1, 5, 9]
[11,8455],[0, 0, 3, 5]
[11,8456],[1, 1, 3, 1, 8, 9]
[11,8457],[0, 2, 4, 5, 2]
[11,8458],[0, 1, 1, 6, 9]
[11,8459],[1, 2, 3, 5, 0]
[11,8460],[0, 0, 0, 5, 10]
[11,8461],[0, 0, 2, 3, 3, 4]
[11,8462],[0, 0, 4, 1, 0, 9]
[11,8463],[1, 0, 2, 1, 4, 12]
[11,8464],[0, 2, 0, 0]
[11,8465],[0, 1, 3, 4, 1]
[11,8466],[0, 2, 3, 3]
[11,8467],[0, 2, 4, 5, 0]
[11,8468],[0, 2, 2, 0]
[11,8469],[0, 0, 2, 1, 2]
[11,8470],[1, 0, 1, 2, 9]
[11,8471],[0, 2, 0, 5]
[11,8472],[0, 0, 2, 3, 1]
[11,8473],[1, 0, 1, 0, 0]
[11,8474],[0, 2, 4, 4]
[11,8475],[1, 1, 4, 2]
[11,8476],[1, 2, 2, 4]
[11,8477],[0, 2, 2, 2, 8]
[11,8478],[0, 2, 2, 3, 6]
[11,8479],[0, 1, 0, 3, 10]
[11,8480],[0, 1, 2, 0, 1, 3]
[11,8481],[1, 1, 3, 5]
[11,8482],[0, 1, 3, 1]
[11,8483],[1, 0, 4, 0, 7]
[11,8484],[0, 2, 0, 5]
[11,8485],[0, 1, 2, 2, 6]
[11,8486],[0, 2, 2, 3, 6]
[11,8487],[0, 0, 4, 1, 0]
[11,8488],[1, 2, 1, 2, 1]
[11,8489],[1, 0, 0, 0, 2]
[11,8490],[1, 1, 2, 0, 1]
[11,8491],[1, 1, 0, 0, 4]
[11,8492],[0, 0, 4, 1, 8]
[11,8493],[1, 1, 3, 1, 6]
[11,8494],[0, 1, 4, 6, 9]
[11,8495],[1, 0, 1, 1, 4]
[11,8496],[0, 0, 0, 1, 7]
[11,8497],[0, 2, 3, 5, 7]
[11,8498],[0, 2, 2, 6]
[11,8499],[0, 2, 3, 1, 8]
[11,8500],[1, 2, 3, 6, 5]
[11,8501],[0, 0, 0, 0]
[11,8502],[0, 2, 0, 1, 8]
[11,8503],[1, 1, 3, 1, 6]
[11,8504],[0, 1, 0, 2]
[11,8505],[0, 2, 1, 2]
[11,8506],[0, 0, 0, 0, 4]
[11,8507],[0, 2, 2, 3, 1]
[11,8508],[1, 2, 1, 2]
[11,8509],[1, 1, 1, 3]
[11,8510],[1, 2, 2, 3]
[11,8511],[0, 2, 1, 1]
[11,8512],[1, 2, 4, 0, 8]
[11,8513],[1, 0, 0, 5]
[11,8514],[1, 1, 1, 2]
[11,8515],[0, 2, 0, 4, 2]
[11,8516],[1, 0, 4, 5]
[11,8517],[0, 1, 1, 6]
[11,8518],[1, 1, 3, 0, 1]
[11,8519],[0, 1, 0, 1, 8]
[11,8520],[1, 0, 2, 0]
[11,8521],[1, 1, 0, 1]
[11,8522],[0, 2, 0, 1]
[11,8523],[0, 2, 0, 1]
[11,8524],[0, 1, 4, 0, 0, 0]
[11,8525],[0, 1, 1, 0, 4]
[11,8526],[1, 1, 4, 0, 2]
[11,8527],[1, 1, 2, 5]
[11,8528],[1, 1, 3, 2, 6]
[11,8529],[0, 2, 0, 3]
[11,8530],[0, 0, 1, 0, 6]
[11,8531],[0, 0, 0, 6, 3]
[11,8532],[0, 2, 0, 6, 10]
[11,8533],[0, 0, 0, 4]
[11,8534],[0, 1, 1, 0]
[11,8535],[0, 1, 4, 6, 4]
[11,8536],[1, 1, 1, 1, 5]
[11,8537],[0, 0, 0, 1, 7, 1]
[11,8538],[1, 0, 1, 5, 4, 12]
[11,8539],[1, 1, 0, 1, 1, 11]
[11,8540],[1, 1, 1, 6, 10]
[11,8541],[0, 0, 2, 6, 10, 0]
[11,8542],[0, 2, 3, 1, 4]
[11,8543],[1, 2, 1, 5, 7]
[11,8544],[1, 2, 3, 5, 9]
[11,8545],[0, 0, 4, 1, 3]
[11,8546],[0, 2, 3, 0, 1]
[11,8547],[0, 0, 2, 5, 7]
[11,8548],[1, 2, 2, 0, 1]
[11,8549],[0, 2, 1, 3, 7]
[11,8550],[0, 2, 2, 2, 10]
[11,8551],[1, 0, 2, 5, 0]
[11,8552],[0, 2, 0, 2, 4]
[11,8553],[0, 1, 4, 4, 10, 0]
[11,8554],[0, 1, 0, 3, 2]
[11,8555],[1, 1, 1, 1, 6]
[11,8556],[0, 0, 0, 2, 6]
[11,8557],[0, 2, 3, 4]
[11,8558],[0, 1, 2, 3]
[11,8559],[0, 0, 0, 3]
[11,8560],[0, 2, 0, 1]
[11,8561],[0, 1, 0, 1, 1]
[11,8562],[0, 1, 4, 4, 2]
[11,8563],[1, 1, 2, 2]
[11,8564],[1, 0, 0, 5]
[11,8565],[0, 1, 4, 0]
[11,8566],[0, 0, 4, 6, 10]
[11,8567],[0, 2, 1, 0]
[11,8568],[0, 2, 1, 6]
[11,8569],[1, 1, 2, 5]
[11,8570],[0, 0, 4, 3]
[11,8571],[0, 0, 0, 6, 0]
[11,8572],[0, 0, 2, 4, 1]
[11,8573],[0, 0, 4, 0, 6]
[11,8574],[0, 1, 3, 3]
[11,8575],[1, 2, 2, 1]
[11,8576],[0, 2, 2, 0]
[11,8577],[1, 1, 3, 2]
[11,8578],[0, 0, 1, 1]
[11,8579],[1, 1, 1, 3]
[11,8580],[0, 0, 2, 1]
[11,8581],[0, 0, 3, 2]
[11,8582],[0, 2, 1, 0]
[11,8583],[1, 1, 1, 1]
[11,8584],[0, 2, 4, 3]
[11,8585],[0, 1, 4, 5]
[11,8586],[1, 2, 4, 4]
[11,8587],[0, 1, 4, 4]
[11,8588],[0, 0, 2, 3]
[11,8589],[0, 2, 3, 4]
[11,8590],[1, 1, 1, 3]
[11,8591],[1, 2, 2, 3]
[11,8592],[0, 0, 4, 3]
[11,8593],[1, 0, 1, 5]
[11,8594],[0, 0, 2, 2]
[11,8595],[0, 0, 3, 2]
[11,8596],[1, 2, 3, 3]
[11,8597],[0, 0, 2, 0]
[11,8598],[0, 0, 0, 0]
[11,8599],[0, 1, 1, 6]
[11,8600],[1, 1, 2, 0, 10]
[11,8601],[1, 1, 2, 1]
[11,8602],[0, 0, 4, 5]
[11,8603],[0, 2, 4, 3]
[11,8604],[1, 1, 3, 1, 10]
[11,8605],[0, 2, 0, 3]
[11,8606],[0, 2, 4, 6]
[11,8607],[0, 2, 1, 6, 10]
[11,8608],[0, 0, 2, 5, 1]
[11,8609],[0, 0, 3, 5, 0]
[11,8610],[1, 2, 0, 1, 7]
[11,8611],[1, 2, 4, 6]
[11,8612],[0, 0, 1, 0, 2]
[11,8613],[0, 0, 3, 3]
[11,8614],[1, 0, 4, 3]
[11,8615],[0, 1, 0, 1, 1]
[11,8616],[0, 1, 0, 1, 1]
[11,8617],[0, 1, 4, 1]
[11,8618],[0, 0, 2, 0, 6]
[11,8619],[0, 0, 4, 0]
[11,8620],[1, 0, 1, 5]
[11,8621],[0, 1, 3, 0]
[11,8622],[0, 2, 3, 1]
[11,8623],[1, 2, 0, 3]
[11,8624],[1, 2, 2, 0]
[11,8625],[0, 0, 0, 6]
[11,8626],[0, 0, 0, 3]
[11,8627],[1, 2, 1, 4]
[11,8628],[1, 1, 2, 0]
[11,8629],[0, 2, 3, 5]
[11,8630],[1, 1, 0, 4, 1]
[11,8631],[0, 0, 0, 6]
[11,8632],[0, 1, 4, 6]
[11,8633],[1, 0, 4, 1, 3]
[11,8634],[0, 2, 0, 2, 6]
[11,8635],[0, 1, 1, 2]
[11,8636],[0, 2, 2, 4, 4]
[11,8637],[1, 2, 3, 6, 6]
[11,8638],[0, 1, 0, 2]
[11,8639],[0, 0, 0, 0]
[11,8640],[0, 0, 4, 4]
[11,8641],[1, 1, 4, 2]
[11,8642],[0, 2, 4, 5]
[11,8643],[0, 1, 0, 2]
[11,8644],[0, 2, 1, 0]
[11,8645],[0, 0, 3, 6]
[11,8646],[1, 2, 3, 3]
[11,8647],[1, 2, 0, 6]
[11,8648],[0, 0, 0, 0]
[11,8649],[0, 0, 2, 0]
[11,8650],[0, 0, 0, 1]
[11,8651],[1, 2, 0, 0]
[11,8652],[0, 1, 1, 0]
[11,8653],[0, 1, 1, 2]
[11,8654],[0, 2, 0, 0]
[11,8655],[0, 1, 0, 4]
[11,8656],[0, 2, 3, 6]
[11,8657],[0, 0, 4, 3]
[11,8658],[0, 0, 4, 3]
[11,8659],[0, 1, 0, 4]
[11,8660],[0, 1, 0, 1]
[11,8661],[0, 1, 4, 3]
[11,8662],[0, 2, 2, 0]
[11,8663],[0, 0, 3, 5]
[11,8664],[0, 0, 2, 1]
[11,8665],[0, 0, 0, 1]
[11,8666],[1, 0, 1, 2]
[11,8667],[1, 0, 2, 0]
[11,8668],[0, 1, 4, 3]
[11,8669],[1, 2, 4, 6]
[11,8670],[0, 2, 3, 6]
[11,8671],[0, 2, 0, 6]
[11,8672],[0, 1, 2, 0]
[11,8673],[0, 0, 0, 3]
[11,8674],[1, 0, 0, 0]
[11,8675],[0, 0, 0, 4]
[11,8676],[0, 1, 3, 4]
[11,8677],[0, 2, 1, 3]
[11,8678],[0, 0, 0, 0]
[11,8679],[1, 2, 1, 6]
[11,8680],[0, 0, 4, 1]
[11,8681],[0, 0, 4, 4]
[11,8682],[0, 0, 2, 3]
[11,8683],[0, 0, 2, 5]
[11,8684],[0, 1, 3, 4]
[11,8685],[1, 0, 2, 3]
[11,8686],[0, 0, 1, 3]
[11,8687],[0, 0, 3, 0]
